image: mapa.pgm
resolution: 0.050000
origin: [250.000000, 570.000000, 0.000000]
negate: 0
occupied_thresh: 0.65
free_thresh: 0.196

